20
31
32
33
34
35
0
0
0
0
0
0
0
0
0
0
0
0
0
0
0
36
37
38
39
40
0
0
0
0
0
0
0
0
0
0
0
0
0
0
0
41
42
43
44
45
0
0
0
0
0
0
0
0
0
0
0
0
0
0
0
46
47
48
49
50
0
0
0
0
0
0
0
0
0
0
0
0
0
0
0
51
52
53
54
55
0
0
0
0
0
0
0
0
0
0
0
0
0
0
0
0
0
0
0
0
1
2
3
4
5
0
0
0
0
0
0
0
0
0
0
0
0
0
0
0
6
7
8
9
10
0
0
0
0
0
0
0
0
0
0
0
0
0
0
0
11
12
13
14
15
0
0
0
0
0
0
0
0
0
0
0
0
0
0
0
16
17
18
19
20
0
0
0
0
0
0
0
0
0
0
0
0
0
0
0
21
22
23
24
25
0
0
0
0
0
0
0
0
0
0
0
0
0
0
0
0
0
0
0
0
61
62
63
64
65
0
0
0
0
0
0
0
0
0
0
0
0
0
0
0
66
67
68
69
610
0
0
0
0
0
0
0
0
0
0
0
0
0
0
0
611
612
613
614
615
0
0
0
0
0
0
0
0
0
0
0
0
0
0
0
616
617
618
619
620
0
0
0
0
0
0
0
0
0
0
0
0
0
0
0
621
622
623
624
625
0
0
0
0
0
0
0
0
0
0
0
0
0
0
0
0
0
0
0
0
231
232
233
234
235
0
0
0
0
0
0
0
0
0
0
0
0
0
0
0
236
237
238
239
240
0
0
0
0
0
0
0
0
0
0
0
0
0
0
0
241
242
243
244
245
0
0
0
0
0
0
0
0
0
0
0
0
0
0
0
246
247
248
249
250
0
0
0
0
0
0
0
0
0
0
0
0
0
0
0
251
252
253
254
255
