20
131
132
133
134
135
0
0
0
0
0
0
0
0
0
0
0
0
0
0
0
136
137
138
139
140
0
0
0
0
0
0
0
0
0
0
0
0
0
0
0
141
142
143
144
145
0
0
0
0
0
0
0
0
0
0
0
0
0
0
0
146
147
148
149
150
0
0
0
0
0
0
0
0
0
0
0
0
0
0
0
151
152
153
154
155
0
0
0
0
0
0
0
0
0
0
0
0
0
0
0
0
0
0
0
0
111
112
113
114
115
0
0
0
0
0
0
0
0
0
0
0
0
0
0
0
116
117
118
119
110
0
0
0
0
0
0
0
0
0
0
0
0
0
0
0
111
112
113
114
115
0
0
0
0
0
0
0
0
0
0
0
0
0
0
0
116
117
118
119
120
0
0
0
0
0
0
0
0
0
0
0
0
0
0
0
121
122
123
124
125
0
0
0
0
0
0
0
0
0
0
0
0
0
0
0
0
0
0
0
0
21
22
23
24
25
0
0
0
0
0
0
0
0
0
0
0
0
0
0
0
26
27
28
29
210
0
0
0
0
0
0
0
0
0
0
0
0
0
0
0
211
212
213
214
215
0
0
0
0
0
0
0
0
0
0
0
0
0
0
0
216
217
218
219
220
0
0
0
0
0
0
0
0
0
0
0
0
0
0
0
221
222
223
224
225
0
0
0
0
0
0
0
0
0
0
0
0
0
0
0
0
0
0
0
0
1
2
3
4
5
0
0
0
0
0
0
0
0
0
0
0
0
0
0
0
6
7
8
9
10
0
0
0
0
0
0
0
0
0
0
0
0
0
0
0
11
12
13
14
15
0
0
0
0
0
0
0
0
0
0
0
0
0
0
0
16
17
18
19
20
0
0
0
0
0
0
0
0
0
0
0
0
0
0
0
21
22
23
24
25
