82
16
320
337
389
337
390
337
391
337
267
337
268
337
269
337
494
337
495
337
496
337
497
337
498
337
499
337
500
337
501
337
502
337
-0.923879767771
-0.382682864397
0.0
-0.923879767771
-0.382682864397
0.0
-0.923879767771
-0.382682864397
0.0
-0.923879767771
-0.382682864397
0.0
-0.923879409903
-0.382683728367
0.0
-0.92387940551
-0.382683738974
0.0
-0.923879758984
-0.38268288561
0.0
-0.92387940551
-0.382683738974
0.0
-0.923879409903
-0.382683728367
0.0
-0.92387940551
-0.382683738974
0.0
-0.923879409903
-0.382683728367
0.0
-0.92387940551
-0.382683738974
0.0
-0.923879409903
-0.382683728367
0.0
-0.923879758984
-0.38268288561
0.0
-0.923879758984
-0.38268288561
0.0
-0.923879758984
-0.38268288561
0.0
